<?xml version="1.0"?>
<opencv_storage>
<distCoeffs type_id="opencv-matrix">
  <rows>1</rows>
  <cols>5</cols>
  <dt>d</dt>
  <data>
    -4.1806297419806321e-001 3.3357086669686503e-001
    1.9940433129924952e-003 4.1782241358449829e-004
    -1.9843542021226693e-001</data></distCoeffs>
</opencv_storage>
